############ Task 3: gap vs N ############

--- (a) twisted cubic P^3 ---
  N    dim   ker  kerNum       Delta_N       ||H_N||  ||H||/Delta   zero-sep
  2     10     7       7             2             3          1.5   1.80e+16
  3     20    10      10       2.76393       7.23607        2.618   2.87e+15
  4     35    13      13       3.55051       13.6283        3.838   1.48e+15
  5     56    16      16       4.35425       21.9979        5.052   6.63e+14
  6     84    19      19       5.17157       32.3757         6.26   7.37e+14
  7    120    22      22             6       44.7544        7.459   5.44e+14
  8    165    25      25       6.83772       59.1341        8.648   3.05e+14
  9    220    28      28       7.68338       75.5144        9.828   3.23e+14
 10    286    31      31        8.5359       93.8951           11   3.42e+14
 11    364    34      34       9.39445       114.276        12.16   2.41e+14
 12    455    37      37       10.2583       136.657        13.32   1.71e+14
 13    560    40      40        11.127       161.038        14.47   1.76e+14
 14    680    43      43            12        187.42        15.62   1.47e+14
 15    816    46      46       12.8769       215.801        16.76   1.36e+14
 16    969    49      49       13.7574       246.183        17.89   1.35e+14
 17   1140    52      52       14.6411       278.564        19.03   1.25e+14
 18   1330    55      55       15.5279       312.946        20.15   7.81e+13
 19   1540    58      58       16.4174       349.328        21.28   6.03e+13
 20   1771    61      61       17.3096       387.709         22.4   7.17e+13
 21   2024    64      64       18.2042       428.091        23.52   6.09e+13
 22   2300    67      67        19.101       470.473        24.63   1.34e+13
  fit (N>=12):  Delta_N ~ 0.8004*N^(+1.026)   ||H||/Delta ~ 1.077*N^(+1.013)

--- (b) monomial (z0^2,z0z1,z1^3) P^2 ---
  N    dim   ker  kerNum       Delta_N       ||H_N||  ||H||/Delta   zero-sep
  2      6     4       4             1             2            2  1.00e+300
  3     10     4       4             1             6            6  1.00e+300
  4     15     4       4             1            24           24  1.00e+300
  5     21     4       4             1            60           60  1.00e+300
  6     28     4       4             1           120          120  1.00e+300
  7     36     4       4             1           210          210  1.00e+300
  8     45     4       4             1           336          336  1.00e+300
  9     55     4       4             1           504          504  1.00e+300
 10     66     4       4             1           720          720  1.00e+300
 11     78     4       4             1           990          990  1.00e+300
 12     91     4       4             1          1320         1320  1.00e+300
 13    105     4       4             1          1716         1716  1.00e+300
 14    120     4       4             1          2184         2184  1.00e+300
 15    136     4       4             1          2730         2730  1.00e+300
 16    153     4       4             1          3360         3360  1.00e+300
 17    171     4       4             1          4080         4080  1.00e+300
 18    190     4       4             1          4896         4896  1.00e+300
 19    210     4       4             1          5814         5814  1.00e+300
 20    231     4       4             1          6840         6840  1.00e+300
 21    253     4       4             1          7980         7980  1.00e+300
 22    276     4       4             1          9240         9240  1.00e+300
 23    300     4       4             1         10626    1.063e+04  1.00e+300
 24    325     4       4             1         12144    1.214e+04  1.00e+300
 25    351     4       4             1         13800     1.38e+04  1.00e+300
 26    378     4       4             1         15600     1.56e+04  1.00e+300
 27    406     4       4             1         17550    1.755e+04  1.00e+300
 28    435     4       4             1         19656    1.966e+04  1.00e+300
 29    465     4       4             1         21924    2.192e+04  1.00e+300
 30    496     4       4             1         24360    2.436e+04  1.00e+300
 31    528     4       4             1         26970    2.697e+04  1.00e+300
 32    561     4       4             1         29760    2.976e+04  1.00e+300
 33    595     4       4             1         32736    3.274e+04  1.00e+300
 34    630     4       4             1         35904     3.59e+04  1.00e+300
 35    666     4       4             1         39270    3.927e+04  1.00e+300
 36    703     4       4             1         42840    4.284e+04  1.00e+300
 37    741     4       4             1         46620    4.662e+04  1.00e+300
 38    780     4       4             1         50616    5.062e+04  1.00e+300
 39    820     4       4             1         54834    5.483e+04  1.00e+300
 40    861     4       4             1         59280    5.928e+04  1.00e+300
  fit (N>=21):  Delta_N ~ 1*N^(+0.000)   ||H||/Delta ~ 0.6188*N^(+3.110)

--- (c) rational normal curve deg 4, P^4 ---
  N    dim   ker  kerNum       Delta_N       ||H_N||  ||H||/Delta   zero-sep
  2     15     9       9       1.38197       3.61803        2.618   1.24e+16
  3     35    13      13             2             8            4   2.06e+15
  4     70    17      17       2.64715       15.1146         5.71   5.21e+14
  5    126    21      21       3.31877       23.7098        7.144   3.86e+14
  6    210    25      25       4.01072       34.7194        8.657   2.79e+14
  7    330    29      29        4.7198       47.4244        10.05   2.53e+14
  8    495    33      33       5.44351       62.3814        11.46   1.35e+14
  9    715    37      37       6.17989        79.154        12.81   1.48e+14
 10   1001    41      41       6.92739       98.0831        14.16   1.14e+14
 11   1365    45      45       7.67684       118.899        15.49   1.05e+14
 12   1820    49      49       8.36797       141.814        16.95   2.70e+13
 13   2380    53      53       9.06951       166.658        18.38   2.21e+13
  fit (N>=8):  Delta_N ~ 0.61*N^(+1.054)   ||H||/Delta ~ 1.518*N^(+0.971)

--- (d) 2 generic quadrics P^3 ---
  N    dim   ker  kerNum       Delta_N       ||H_N||  ||H||/Delta   zero-sep
  2     10     8       8      0.990709       1.23879         1.25   8.44e+15
  3     20    12      12      0.373991       3.03078        8.104   4.85e+14
  4     35    16      16      0.388821       5.84113        15.02   2.21e+14
  5     56    20      20      0.426057       9.55588        22.43   1.85e+14
  6     84    24      24      0.475173       14.1848        29.85   1.50e+14
  7    120    28      28      0.498957        19.725        39.53   8.14e+13
  8    165    32      32      0.515891       26.1762        50.74   7.61e+13
  9    220    36      36      0.534686        33.538        62.72   4.53e+13
 10    286    40      40      0.555569       41.8104        75.26   3.66e+13
 11    364    44      44      0.578387       50.9934        88.16   3.04e+13
 12    455    48      48      0.602909       61.0867        101.3   3.02e+13
 13    560    52      52      0.628904       72.0906        114.6   2.39e+13
 14    680    56      56      0.656159       84.0048          128   1.88e+13
 15    816    60      60      0.684474       96.8295        141.5   1.74e+13
 16    969    64      64      0.713656       110.564        154.9   1.29e+13
 17   1140    68      68      0.743523        125.21        168.4   1.12e+13
 18   1330    72      72      0.773902       140.766        181.9   1.29e+13
 19   1540    76      76      0.804636       157.232        195.4   1.12e+13
 20   1771    80      80      0.835585       174.608          209   8.17e+12
 21   2024    84      84      0.866634       192.895        222.6   9.14e+12
 22   2300    88      88      0.897692       212.093        236.3   6.81e+12
  fit (N>=12):  Delta_N ~ 0.1145*N^(+0.663)   ||H||/Delta ~ 3.254*N^(+1.390)

--- (e) boolean P^2 ---
  N    dim   ker  kerNum       Delta_N       ||H_N||  ||H||/Delta   zero-sep
  2      6     4       4             3             3            1   2.70e+16
  3     10     4       4             2       8.82843        4.414   2.64e+15
  4     15     4       4             2       17.5887        8.794   1.59e+16
  5     21     4       4       2.03194       29.2654         14.4  2.03e+300
  6     28     4       4       2.09306       43.8571        20.95   5.50e+14
  7     36     4       4       2.18086       61.3633        28.14  2.18e+300
  8     45     4       4       2.29314        81.784        35.66   4.62e+14
  9     55     4       4       2.42801       105.119        43.29   3.14e+14
 10     66     4       4        2.5838       131.368        50.84   4.66e+14
 11     78     4       4       2.75911       160.532        58.18   3.43e+14
 12     91     4       4       2.95272        192.61        65.23   2.41e+14
 13    105     4       4       3.16352       227.602        71.95   1.51e+14
 14    120     4       4       3.39053       265.508        78.31   4.74e+14
  fit (N>=8):  Delta_N ~ 0.5228*N^(+0.701)   ||H||/Delta ~ 1.976*N^(+1.403)

--- (e) boolean P^3 ---
  N    dim   ker  kerNum       Delta_N       ||H_N||  ||H||/Delta   zero-sep
  2     10     7       7             3             3            1   2.70e+16
  3     20     8       8             2       8.82843        4.414   1.99e+15
  4     35     8       8             2       17.5887        8.794   6.20e+14
  5     56     8       8             2       29.2654        14.63   8.22e+14
  6     84     8       8       2.01906       43.8571        21.72   2.37e+14
  7    120     8       8       2.05427       61.3633        29.87   2.25e+14
  8    165     8       8       2.10342        81.784        38.88   1.53e+14
  9    220     8       8       2.16492       105.119        48.56   1.00e+14
 10    286     8       8       2.23764       131.368        58.71   2.16e+14
 11    364     8       8       2.32082       160.532        69.17   8.60e+13
 12    455     8       8       2.41395        192.61        79.79   3.02e+13
 13    560     8       8       2.51664       227.602        90.44   1.42e+13
 14    680     8       8       2.62861       265.508          101   2.87e+13
  fit (N>=8):  Delta_N ~ 0.9052*N^(+0.398)   ||H||/Delta ~ 1.141*N^(+1.706)

--- (e) boolean P^4 ---
  N    dim   ker  kerNum       Delta_N       ||H_N||  ||H||/Delta   zero-sep
  2     15    11      11             3             3            1   2.70e+16
  3     35    15      15             2       8.82843        4.414   8.75e+14
  4     70    16      16             2       17.5887        8.794   6.10e+14
  5    126    16      16             2       29.2654        14.63   1.94e+14
  6    210    16      16             2       43.8571        21.93   1.13e+14
  7    330    16      16       2.01272       61.3633        30.49   1.09e+14
  8    495    16      16       2.03607        81.784        40.17   7.91e+13
  9    715    16      16       2.06848       105.119        50.82   4.67e+13
 10   1001    16      16       2.10882       131.368        62.29   8.76e+13
 11   1365    16      16        2.1563       160.532        74.45   6.84e+13
 12   1820    16      16       2.21034        192.61        87.14   2.35e+13
  fit (N>=7):  Delta_N ~ 1.426*N^(+0.173)   ||H||/Delta ~ 0.6951*N^(+1.949)

--- (e) boolean P^5 ---
  N    dim   ker  kerNum       Delta_N       ||H_N||  ||H||/Delta   zero-sep
  2     21    16      16             3             3            1   2.70e+16
  3     56    26      26             2       8.82843        4.414   1.12e+15
  4    126    31      31             2       17.5887        8.794   3.53e+14
  5    252    32      32             2       29.2654        14.63   2.84e+14
  6    462    32      32             2       43.8571        21.93   1.18e+14
  7    792    32      32             2       61.3633        30.68   8.58e+13
  8   1287    32      32       2.00912        81.784        40.71   5.60e+13
  9   2002    32      32       2.02586       105.119        51.89   4.05e+13
 10   3003    32      32       2.04912       131.368        64.11   2.54e+13
  fit (N>=6):  Delta_N ~ 1.832*N^(+0.047)   ||H||/Delta ~ 0.5121*N^(+2.101)

--- (f) single random quadric P^2 ---
  N    dim   ker  kerNum       Delta_N       ||H_N||  ||H||/Delta   zero-sep
  2      6     5       5         3.546         3.546            1   1.16e+16
  3     10     7       7       3.85298        7.5148         1.95   5.60e+15
  4     15     9       9       4.25831       14.2826        3.354   2.23e+15
  5     21    11      11       4.75838       22.5438        4.738   1.75e+15
  6     28    13      13       5.34851       33.0194        6.174   5.34e+14
  7     36    15      15       6.02279       45.3861        7.536   4.36e+14
  8     45    17      17       6.77401       59.7783        8.825   5.56e+14
  9     55    19      19        7.5936       76.1418        10.03   5.69e+14
 10     66    21      21       8.47169        94.496        11.15   3.25e+14
 11     78    23      23       9.39734       114.833        12.22   2.68e+14
 12     91    25      25        10.359       137.157        13.24   2.85e+14
 13    105    27      27       11.3451       161.464        14.23   2.15e+14
 14    120    29      29        12.345       187.757        15.21   1.96e+14
 15    136    31      31       13.3495       216.033        16.18   1.82e+14
 16    153    33      33       14.3517       246.295        17.16   1.43e+14
 17    171    35      35       15.3473       278.541        18.15   1.02e+14
 18    190    37      37        16.334       312.772        19.15   1.22e+14
 19    210    39      39       17.3112       348.987        20.16   1.40e+14
 20    231    41      41       18.2795       387.187        21.18   1.31e+14
 21    253    43      43       19.2402       427.371        22.21   1.22e+14
 22    276    45      45       20.1945       469.539        23.25   8.93e+13
 23    300    47      47       21.1439       513.692         24.3   8.75e+13
 24    325    49      49       22.0894        559.83        25.34   8.51e+13
 25    351    51      51       23.0319       607.952         26.4   8.48e+13
 26    378    53      53       23.9721       658.058        27.45   7.30e+13
 27    406    55      55       24.9106       710.149        28.51   7.46e+13
 28    435    57      57       25.8477       764.224        29.57   6.95e+13
 29    465    59      59       26.7838       820.284        30.63   6.45e+13
 30    496    61      61       27.7192       878.328        31.69   5.84e+13
  fit (N>=16):  Delta_N ~ 0.8012*N^(+1.043)   ||H||/Delta ~ 1.129*N^(+0.979)

--- (f) single random quadric P^3 ---
  N    dim   ker  kerNum       Delta_N       ||H_N||  ||H||/Delta   zero-sep
  2     10     9       9       2.76473       2.76473            1   2.74e+15
  3     20    16      16       2.89211        5.5808         1.93   2.47e+15
  4     35    25      25       3.05137       10.6414        3.487   9.02e+14
  5     56    36      36       3.23757        16.494        5.095   6.48e+14
  6     84    49      49        3.4427       24.1109        7.003   5.26e+14
  7    120    64      64       3.65585        32.933        9.008   3.29e+14
  8    165    81      81       3.86739       43.2714        11.19   2.31e+14
  9    220   100     100       4.07385        54.966        13.49   1.52e+14
 10    286   121     121       4.27636       68.0954        15.92   1.30e+14
 11    364   144     144       4.47676       82.6214        18.46   9.37e+13
 12    455   169     169       4.67614       98.5615        21.08   8.38e+13
 13    560   196     196       4.87504       115.907        23.78   6.66e+13
 14    680   225     225        5.0737       134.663        26.54   5.22e+13
 15    816   256     256       5.27221       154.826        29.37   4.34e+13
 16    969   289     289       5.47062       176.398        32.24   3.66e+13
 17   1140   324     324       5.66896       199.377        35.17   3.54e+13
 18   1330   361     361       5.86724       223.765        38.14   2.92e+13
 19   1540   400     400       6.06548       249.561        41.14   2.77e+13
 20   1771   441     441       6.26369       276.765        44.19   1.92e+13
  fit (N>=11):  Delta_N ~ 1.153*N^(+0.563)   ||H||/Delta ~ 0.5624*N^(+1.459)

--- (f) single random quadric P^4 ---
  N    dim   ker  kerNum       Delta_N       ||H_N||  ||H||/Delta   zero-sep
  2     15    14      14       1.73173       1.73173            1   1.47e+16
  3     35    30      30       1.73282       4.37845        2.527   1.83e+15
  4     70    55      55       1.73418        8.4459         4.87   8.11e+14
  5    126    91      91       1.73581       13.8373        7.972   4.77e+14
  6    210   140     140       1.73771       20.5558        11.83   2.74e+14
  7    330   204     204       1.73988       28.5991        16.44   1.53e+14
  8    495   285     285       1.74232       37.9667        21.79   1.16e+14
  9    715   385     385       1.74502       48.6581        27.88   5.77e+13
 10   1001   506     506         1.748       60.6732        34.71   5.52e+13
 11   1365   650     650       1.75124       74.0119        42.26   2.05e+13
 12   1820   819     819       1.75474       88.6741        50.53   2.50e+13
 13   2380  1015    1015       1.75851        104.66        59.52   1.96e+13
 14   3060  1240    1240       1.76253       121.969         69.2   1.39e+13
  fit (N>=8):  Delta_N ~ 1.668*N^(+0.020)   ||H||/Delta ~ 0.2986*N^(+2.065)

############ Task 3b: scaling with n at fixed N ############

boolean ideal in P^n at N = n+1  (and N=n):
  n   N     dim  ker=2^n        Delta        ||H||  ||H||/Delta
  2   3      10        4            2      8.82843        4.414
  3   4      35        8            2      17.5887        8.794
  4   5     126       16            2      29.2654        14.63
