boolean ideal in P^n at N = n+1 (kernel = 2^n):
  n   N     dim      ker        Delta        ||H||  ||H||/Delta
  2   3      10        4            2      8.82843        4.414
  3   4      35        8            2      17.5887        8.794
  4   5     126       16            2      29.2654        14.63
  5   6     462       32            2      43.8571        21.93
  6   7    1716       64            2      61.3633        30.68
  exp fit: log Delta = -0.0000*n + c ;  power fit: Delta ~ n^(-0.000)

1 random quadric(s) in P^n, N=3:
    n     dim    ker        Delta        ||H||  ||H||/Delta
    2      10      7      3.69529      6.16836        1.669
    3      20     16      1.91407      3.67228        1.919
    4      35     30      1.27318       2.6081        2.048
    5      56     50      1.22696      2.29854        1.873
    6      84     77     0.941165       1.6364        1.739
    7     120    112      1.59807      2.59831        1.626
    8     165    156      1.79538      3.03052        1.688
    9     220    210       1.0582      1.65351        1.563
   10     286    275      1.08293      1.63285        1.508
   11     364    352      1.19509      1.73198        1.449
   12     455    442      1.18096      1.81746        1.539
   13     560    546      1.23575      1.83338        1.484
   14     680    665      1.04269      1.48083         1.42
    exp fit: log Delta = -0.0565*n + c ;  power fit: Delta ~ n^(-0.441)

1 random quadric(s) in P^n, N=4:
    n     dim    ker        Delta        ||H||  ||H||/Delta
    2      15      9      4.61955      11.5668        2.504
    3      35     25      1.99109       6.8479        3.439
    4      70     55      1.37296      4.88159        3.556
    5     126    105      1.27027      4.24034        3.338
    6     210    182     0.942417      3.05051        3.237
    7     330    294      1.67563       4.6676        2.786
    8     495    450      1.79761      5.48286         3.05
    9     715    660      1.05833      2.97954        2.815
   10    1001    935      1.08542      2.99859        2.763
   11    1365   1287      1.19625      3.14397        2.628
   12    1820   1729      1.18445       3.2409        2.736
   13    2380   2275      1.23866      3.26945         2.64
   14    3060   2940      1.04852      2.68756        2.563
    exp fit: log Delta = -0.0671*n + c ;  power fit: Delta ~ n^(-0.524)

2 random quadric(s) in P^n, N=3:
    n     dim    ker        Delta        ||H||  ||H||/Delta
    2      10      4     0.723086       7.0948        9.812
    3      20     12     0.629778      4.39985        6.986
    4      35     25     0.707686      3.86677        5.464
    5      56     44     0.648601       3.0862        4.758
    6      84     70     0.680821      2.26432        3.326
    7     120    104     0.730727      2.66656        3.649
    8     165    147     0.921837      3.07042        3.331
    9     220    200     0.707174      2.12855         3.01
   10     286    264     0.784067      2.30684        2.942
   11     364    340     0.867159      2.00097        2.308
   12     455    429     0.816556      1.88262        2.306
   13     560    532     0.968299      2.01207        2.078
   14     680    650     0.867332      1.67448        1.931
    exp fit: log Delta = +0.0271*n + c ;  power fit: Delta ~ n^(+0.161)

2 random quadric(s) in P^n, N=4:
    n     dim    ker        Delta        ||H||  ||H||/Delta
    2      15      4     0.818239       13.465        16.46
    3      35     16     0.700743      8.30784        11.86
    4      70     41     0.737546      7.26516         9.85
    5     126     85      0.66488      5.75527        8.656
    6     210    155     0.673003      4.13275        6.141
    7     330    259     0.728754      4.81088        6.602
    8     495    406      0.91643       5.5649        6.072
    9     715    606     0.679042      3.84004        5.655
   10    1001    870     0.767137      4.10791        5.355
   11    1365   1210     0.860524      3.52812          4.1
   12    1820   1639     0.811571      3.35227        4.131
   13    2380   2171     0.948346      3.56898        3.763
   14    3060   2821     0.852663      2.98998        3.507
    exp fit: log Delta = +0.0171*n + c ;  power fit: Delta ~ n^(+0.085)
